         Date   True Forecast HDI_Low HDI_high
1  2009-04-05  9.456    9.734   6.422   13.037
2  2009-04-05 19.600   24.222  15.154   33.267
3  2009-04-06 10.400   14.028   5.118   24.719
4  2009-04-06 25.260   35.975  -1.102   74.727
5  2009-04-07 13.240   16.221   6.122   29.139
6  2009-04-07 42.280   40.861  -0.812   80.772
7  2009-04-08 11.360   14.156   4.545   23.339
8  2009-04-08 33.450   33.509   7.196   60.623
9  2009-04-09 11.170   12.718   4.549   20.825
10 2009-04-09 32.400   30.065   7.615   51.489
11 2009-04-10 10.590   12.143   3.612   19.909
12 2009-04-10 25.170   28.394   9.311   49.368
13 2009-04-11 11.460   15.667   4.399   26.806
14 2009-04-11 42.730   37.393  -6.437   76.337
15 2009-04-12 12.447   14.432   4.901   24.434
16 2009-04-12 29.270   32.720   4.049   61.944
17 2009-04-13 11.460   12.366   5.052   20.154
18 2009-04-13 27.380   27.396   8.308   47.083
19 2009-04-14 11.070   11.050   4.744   17.701
20 2009-04-14 25.820   24.528   8.086   40.677
