
		   Regime 1         Regime 2         Regime 3        
Intercept            1.3191           2.0956           5.8564
                     3.5140           6.7643          18.5809
lag(1)       0.5674  0.0433   0.5884  0.0203   0.4464  0.0429
             0.1702  0.6093   0.1407  0.5341   0.4479  0.3316
lag(2)       0.0512 -0.0190   0.0883 -0.0196   0.1144 -0.0044
            -0.0483 -0.0553  -0.0094  0.0222  -0.4793  0.1098
lag(3)       0.0196  0.0068  -0.0270 -0.0084  -0.1086  0.0336
             0.0230  0.0700  -0.0458  0.0432  -0.6183  0.2819
lag(4)       0.0380 -0.0158   0.1033  0.0086   0.0061 -0.0004
            -0.0816  0.0005   0.2256 -0.0374   0.0761 -0.0226
lag(5)       0.0812 -0.0073   0.0290  0.0028   0.1764 -0.0094
             0.1387  0.0302  -0.2636  0.1135   0.2256  0.0831
Scale        0.3245  0.3621   1.0725  1.2857   2.8053  7.2084
             0.3621  2.3350   1.2857  6.4184   7.2084 43.0087
                                                             
Threshold1   3.4630                                          
Threshold2  10.0186                                          
delay        0.0000
